$ WALL TEMPERATURE PROFILE 
! SHELL FOUL= 0.0001 TUBE FOUL= 0.0005
   0.0000000000000000        439.81516186999056        355.96849767260210     
  0.22550000000000001        424.49573548981346        351.91515245352178     
  0.45100000000000007        415.23315102234710        349.48928045771464     
  0.67650000000000021        407.52257963566842        347.47289688011858     
  0.90200000000000036        400.72709845961191        345.69477643727521     
   1.1275000000000002        394.62413776864997        344.09562306713485     
   1.3529999999999998        389.09662205482925        342.64455585203791     
   1.5784999999999993        384.06710114124701        341.32131998869420     
   1.8039999999999989        379.47728858517956        340.11077013520645     
   2.0294999999999987        375.28003720343037        339.00071233254431     
   2.2549999999999994        371.43560928568542        337.98090447444781     
   2.4805000000000001        367.90969029213949        337.04252643782996     
   2.7060000000000008        364.67220371024553        336.17786558987501     
   2.9315000000000015        361.69653351623862        335.38011155156642     
   3.1570000000000022        358.95897313418027        334.64321142822757     
   3.3825000000000029        356.43831057541865        333.96176120684260     
   3.6080000000000036        354.11550147283788        333.33092035237763     
   3.8335000000000043        351.97340252824074        332.74634224232909     
   4.0590000000000046        349.99654879919268        332.20411601765937     
   4.2845000000000031        348.17096427179189        331.70071704982280     
   4.5100000000000016        346.48399864840474        331.23296416130671     
