$ WALL TEMPERATURE PROFILE 
! SHELL FOUL= 0.0001 TUBE FOUL= 0.0005
   0.0000000000000000        348.96688417865334     
  0.29999999999999999        346.17450284448654     
  0.60000000000000009        344.52788098390846     
  0.90000000000000036        343.12234262141948     
   1.2000000000000006        341.86046503320767     
   1.5000000000000009        340.71078602920880     
   1.8000000000000012        339.65718512730592     
   2.1000000000000014        338.68894541910652     
   2.4000000000000017        337.79782554945643     
   2.7000000000000020        336.97696534183910     
   3.0000000000000022        336.22040314275097     
   3.3000000000000025        335.52283351600812     
   3.6000000000000028        334.87947131662645     
   3.9000000000000030        334.28596737047826     
   4.2000000000000020        333.73835112194871     
   4.5000000000000000        333.23298830804930     
   4.7999999999999980        332.76654751913941     
   5.0999999999999961        332.33597233886184     
   5.3999999999999941        331.93845721579413     
   5.6999999999999922        331.57142600558058     
   5.9999999999999902        331.23251256047041     
