$ WALL TEMPERATURE PROFILE 
! SHELL FOUL= 0.0001 TUBE FOUL= 0.0000
   0.0000000000000000        360.13254195708566     
  0.29999999999999999        353.98211669707189     
  0.60000000000000009        350.59413841354751     
  0.90000000000000036        347.83703022151622     
   1.2000000000000006        345.46867163496540     
   1.5000000000000009        343.40062506762195     
   1.8000000000000012        341.58219189411028     
   2.1000000000000014        339.97738500255184     
   2.4000000000000017        338.55791970279358     
   2.7000000000000020        337.30042718658950     
   3.0000000000000022        336.18509916814025     
   3.3000000000000025        335.19491113027073     
   3.6000000000000028        334.31511442015221     
   3.9000000000000030        333.53286931797987     
   4.2000000000000020        332.83696076018339     
   4.5000000000000000        332.21756783126096     
   4.7999999999999980        331.66607160027962     
   5.0999999999999961        331.17489240633495     
   5.3999999999999941        330.73735100011021     
   5.6999999999999922        330.34754967377398     
   5.9999999999999902        330.00027044282979     
