$ WALL TEMPERATURE PROFILE 
! SHELL FOUL= 0.0000 TUBE FOUL= 0.0000
   0.0000000000000000        351.58535841380268     
  0.29999999999999999        346.79522497074947     
  0.60000000000000009        344.20924827776230     
  0.90000000000000036        342.12584204621413     
   1.2000000000000006        340.35037680643188     
   1.5000000000000009        338.81070766847654     
   1.8000000000000012        337.46515692995769     
   2.1000000000000014        336.28417119603017     
   2.4000000000000017        335.24468088865541     
   2.7000000000000020        334.32781647363140     
   3.0000000000000022        333.51776870802269     
   3.3000000000000025        332.80111619350220     
   3.6000000000000028        332.16637392164546     
   3.9000000000000030        331.60366090947650     
   4.2000000000000020        331.10444031445775     
   4.5000000000000000        330.66130878279978     
   4.7999999999999980        330.26782239273894     
   5.0999999999999961        329.91835161023016     
   5.3999999999999941        329.60796016254869     
   5.6999999999999922        329.33230399895291     
   5.9999999999999902        329.08754719200186     
