$ WALL TEMPERATURE PROFILE 
! SHELL FOUL= 0.0000 TUBE FOUL= 0.0005
   0.0000000000000000        414.68538723533561        327.38559270189148     
  0.22550000000000001        402.27716215318060        327.16999507380461     
  0.45100000000000007        394.82875161765230        327.07584498155063     
  0.67650000000000021        388.65897595075427        327.00189023129690     
  0.90200000000000036        383.24495315701660        326.93526519256585     
   1.1275000000000002        378.40205396475648        326.87224933702555     
   1.3529999999999998        374.03218629941961        326.81133132853870     
   1.5784999999999993        370.07005402464546        326.75176230275201     
   1.8039999999999989        366.46640787271161        326.69312014283054     
   2.0294999999999987        363.18143736927846        326.63514642113103     
   2.2549999999999994        360.18167154690809        326.57767570960419     
   2.4805000000000001        357.43830922995045        326.52060140108483     
   2.7060000000000008        354.92621001462879        326.46385765482836     
   2.9315000000000015        352.62322417775067        326.40740906841529     
   3.1570000000000022        350.50971295016274        326.35124427882346     
   3.3825000000000029        348.56818469012552        326.29537164551272     
   3.6080000000000036        346.78300685720779        326.23981606456675     
   3.8335000000000043        345.14017074512947        326.18461640386158     
   4.0590000000000046        343.62709491439108        326.12982327936277     
   4.2845000000000031        342.23245825378490        326.07549701918077     
   4.5100000000000016        340.94605650989581        326.02170573476900     
